24\positive\0.jpg 1 0.02 -0.03 0.00 0.17
24\positive\1.jpg 1 0.07 -0.18 0.04 -0.01
24\positive\2.jpg 1 0.06 -0.16 -0.10 -0.07
24\positive\3.jpg 1 -0.09 -0.09 -0.19 0.08
24\positive\4.jpg 1 0.06 -0.06 -0.16 -0.09
24\positive\5.jpg 1 -0.08 0.15 -0.15 0.00
24\positive\6.jpg 1 0.08 -0.04 -0.23 0.00
24\positive\7.jpg 1 -0.08 -0.20 0.02 0.02
24\positive\8.jpg 1 -0.15 -0.16 0.00 0.16
24\positive\9.jpg 1 0.09 0.05 -0.17 0.00
24\positive\10.jpg 1 0.05 -0.05 -0.18 -0.05
24\positive\11.jpg 1 0.02 0.02 -0.11 0.00
24\positive\12.jpg 1 0.12 0.12 0.04 0.12
24\positive\13.jpg 1 -0.03 0.12 -0.09 0.09
24\positive\14.jpg 1 -0.08 0.03 -0.16 0.08
24\positive\15.jpg 1 -0.06 -0.05 -0.19 -0.05
24\positive\16.jpg 1 0.15 0.12 -0.02 0.07
24\positive\17.jpg 1 -0.04 -0.04 -0.22 0.04
24\positive\18.jpg 1 0.15 -0.02 0.15 0.05
24\positive\19.jpg 1 0.11 0.04 -0.21 0.00
24\positive\20.jpg 1 0.04 -0.08 0.08 0.04
24\positive\21.jpg 1 -0.12 -0.08 0.12 0.08
24\positive\22.jpg 1 0.00 0.00 -0.27 -0.04
24\positive\23.jpg 1 0.05 -0.05 -0.15 -0.15
24\positive\24.jpg 1 -0.05 0.05 -0.23 0.10
24\positive\25.jpg 1 0.23 -0.10 0.06 0.03
24\positive\26.jpg 1 0.23 -0.10 0.03 -0.03
24\positive\27.jpg 1 0.06 -0.12 -0.15 -0.06
24\positive\28.jpg 1 0.17 -0.07 0.00 0.07
24\positive\29.jpg 1 0.11 -0.10 -0.07 -0.07
24\positive\30.jpg 1 0.03 -0.03 -0.18 0.05
24\positive\31.jpg 1 0.06 -0.15 -0.06 0.00
24\positive\32.jpg 1 0.19 -0.06 -0.02 -0.02
24\positive\33.jpg 1 0.03 -0.22 0.05 0.08
24\positive\34.jpg 1 0.00 -0.10 -0.23 -0.07
24\positive\35.jpg 1 0.09 0.06 -0.06 -0.06
24\positive\36.jpg 1 -0.06 -0.19 -0.06 0.06
24\positive\37.jpg 1 -0.05 -0.15 -0.12 -0.10
24\positive\38.jpg 1 0.17 -0.09 -0.02 -0.06
24\positive\39.jpg 1 0.18 -0.09 0.03 -0.03
24\positive\40.jpg 1 0.03 0.03 -0.15 0.03
24\positive\41.jpg 1 0.21 -0.13 0.05 0.03
24\positive\42.jpg 1 0.00 -0.08 0.00 0.04
24\positive\43.jpg 1 -0.07 -0.03 -0.03 0.03
24\positive\44.jpg 1 0.05 -0.05 -0.05 0.10
24\positive\45.jpg 1 0.10 -0.23 -0.05 0.07
24\positive\46.jpg 1 0.10 -0.05 -0.15 -0.07
24\positive\47.jpg 1 0.12 -0.10 -0.05 0.12
24\positive\48.jpg 1 -0.09 0.03 -0.19 0.00
24\positive\49.jpg 1 0.14 -0.07 -0.04 0.07
24\positive\50.jpg 1 0.16 -0.06 0.06 -0.09
24\positive\51.jpg 1 -0.05 -0.21 0.00 0.05
24\positive\52.jpg 1 0.06 -0.03 0.00 0.22
24\positive\53.jpg 1 0.11 -0.04 -0.14 0.07
24\positive\54.jpg 1 0.14 0.10 -0.06 -0.04
24\positive\55.jpg 1 0.03 -0.03 -0.21 -0.05
24\positive\56.jpg 1 -0.11 0.04 -0.22 -0.04
24\positive\57.jpg 1 0.03 0.00 -0.10 0.17
24\positive\58.jpg 1 0.04 -0.02 -0.09 -0.07
24\positive\59.jpg 1 0.00 -0.03 -0.09 -0.06
24\positive\60.jpg 1 -0.04 0.15 -0.12 0.12
24\positive\61.jpg 1 0.14 0.00 -0.14 -0.06
24\positive\62.jpg 1 0.06 -0.09 -0.14 0.20
24\positive\63.jpg 1 -0.14 -0.04 0.00 0.22
24\positive\64.jpg 1 0.06 0.11 -0.06 0.11
24\positive\65.jpg 1 0.08 0.04 -0.19 0.10
24\positive\66.jpg 1 -0.14 0.00 -0.09 -0.18
24\positive\67.jpg 1 -0.03 -0.09 -0.12 -0.03
24\positive\68.jpg 1 0.09 0.07 -0.02 0.13
24\positive\69.jpg 1 0.02 0.13 -0.02 0.13
24\positive\70.jpg 1 0.03 0.06 -0.11 0.06
24\positive\71.jpg 1 0.09 0.00 0.12 0.12
24\positive\72.jpg 1 0.19 0.14 0.00 0.02
24\positive\73.jpg 1 0.08 -0.03 -0.10 -0.02
24\positive\74.jpg 1 0.09 0.00 -0.03 0.00
24\positive\75.jpg 1 0.11 0.02 -0.14 -0.02
24\positive\76.jpg 1 0.09 -0.14 -0.05 -0.05
24\positive\77.jpg 1 0.06 -0.13 0.04 0.11
24\positive\78.jpg 1 0.00 0.00 -0.26 0.07
24\positive\79.jpg 1 0.00 -0.27 -0.03 0.12
24\positive\80.jpg 1 0.19 0.03 -0.04 -0.01
24\positive\81.jpg 1 0.13 -0.15 0.02 0.05
24\positive\82.jpg 1 0.00 0.03 -0.20 0.21
24\positive\83.jpg 1 -0.01 -0.05 -0.08 0.18
24\positive\84.jpg 1 0.10 -0.03 -0.02 0.25
24\positive\85.jpg 1 0.12 -0.12 0.16 0.00
24\positive\86.jpg 1 0.23 0.04 0.00 0.15
24\positive\87.jpg 1 0.19 -0.13 -0.03 -0.03
24\positive\88.jpg 1 0.00 -0.07 -0.17 -0.03
24\positive\89.jpg 1 0.07 -0.14 -0.07 0.07
24\positive\90.jpg 1 0.03 0.03 -0.07 0.03
24\positive\91.jpg 1 -0.10 0.03 -0.13 -0.03
24\positive\92.jpg 1 0.19 0.13 0.00 0.10
24\positive\93.jpg 1 0.03 0.03 -0.22 0.06
24\positive\94.jpg 1 0.03 0.03 0.22 0.15
24\positive\95.jpg 1 0.11 -0.03 -0.09 0.00
24\positive\96.jpg 1 0.16 0.05 -0.08 0.00
24\positive\97.jpg 1 0.13 -0.05 0.00 -0.03
24\positive\98.jpg 1 0.06 0.03 -0.12 -0.06
24\positive\99.jpg 1 0.09 -0.09 -0.09 -0.06
24\positive\100.jpg 1 0.02 -0.10 -0.10 -0.05
24\positive\101.jpg 1 0.06 0.00 -0.25 -0.03
24\positive\102.jpg 1 -0.03 -0.28 0.00 -0.06
24\positive\103.jpg 1 -0.04 -0.14 -0.14 0.07
24\positive\104.jpg 1 0.09 0.03 0.03 0.24
24\positive\105.jpg 1 0.03 -0.03 0.07 0.29
24\positive\106.jpg 1 -0.09 -0.03 -0.15 0.15
24\positive\107.jpg 1 0.12 -0.09 -0.03 -0.06
24\positive\108.jpg 1 0.15 -0.03 -0.07 0.03
24\positive\109.jpg 1 0.10 -0.17 -0.03 0.00
24\positive\110.jpg 1 -0.03 -0.36 0.00 0.04
24\positive\111.jpg 1 0.21 -0.09 -0.03 0.03
24\positive\112.jpg 1 0.15 -0.05 -0.07 0.07
24\positive\113.jpg 1 0.00 -0.12 -0.24 0.00
24\positive\114.jpg 1 0.08 -0.08 -0.08 -0.08
24\positive\115.jpg 1 0.21 0.03 0.07 0.10
24\positive\116.jpg 1 0.10 0.17 -0.10 0.00
24\positive\117.jpg 1 -0.04 -0.08 -0.20 -0.08
24\positive\118.jpg 1 0.11 0.00 -0.04 -0.14
24\positive\119.jpg 1 0.14 0.00 0.06 0.08
24\positive\120.jpg 1 0.05 0.02 -0.02 0.38
24\positive\121.jpg 1 0.11 -0.17 -0.11 0.03
24\positive\122.jpg 1 0.00 -0.11 -0.03 0.11
24\positive\123.jpg 1 0.21 -0.08 0.08 0.03
24\positive\124.jpg 1 0.20 -0.06 0.03 0.15
24\positive\125.jpg 1 -0.03 -0.11 -0.11 0.03
24\positive\126.jpg 1 0.12 -0.06 -0.12 0.03
24\positive\127.jpg 1 -0.12 -0.27 -0.06 0.03
24\positive\128.jpg 1 0.08 0.00 -0.08 0.19
24\positive\129.jpg 1 -0.14 -0.09 -0.03 0.23
24\positive\130.jpg 1 0.12 0.03 0.03 0.12
24\positive\131.jpg 1 -0.18 0.09 0.00 0.09
24\positive\132.jpg 1 -0.03 -0.21 -0.09 0.06
24\positive\133.jpg 1 -0.03 0.06 0.00 0.32
24\positive\134.jpg 1 0.10 0.00 -0.15 0.05
24\positive\135.jpg 1 0.14 0.00 -0.10 0.20
24\positive\136.jpg 1 0.00 -0.10 -0.19 0.05
24\positive\137.jpg 1 0.21 0.03 -0.10 0.00
24\positive\138.jpg 1 0.05 -0.10 -0.13 0.13
24\positive\139.jpg 1 0.10 0.07 -0.12 0.00
24\positive\140.jpg 1 0.14 -0.02 -0.07 0.00
24\positive\141.jpg 1 0.09 0.05 -0.12 0.10
24\positive\142.jpg 1 0.16 0.01 -0.13 -0.01
24\positive\143.jpg 1 0.02 0.05 -0.23 0.00
24\positive\144.jpg 1 -0.02 -0.02 -0.14 -0.04
24\positive\145.jpg 1 -0.01 0.01 -0.16 -0.06
24\positive\146.jpg 1 0.12 0.04 -0.02 0.10
24\positive\147.jpg 1 0.03 0.00 0.05 0.00
24\positive\148.jpg 1 0.00 -0.26 0.00 0.03
24\positive\149.jpg 1 0.00 0.02 -0.07 0.00
24\positive\150.jpg 1 0.07 0.13 -0.07 -0.02
24\positive\151.jpg 1 -0.12 -0.10 -0.12 -0.03
24\positive\152.jpg 1 -0.04 -0.12 -0.08 0.18
24\positive\153.jpg 1 -0.02 -0.02 -0.20 0.05
24\positive\154.jpg 1 0.08 0.07 -0.12 0.00
24\positive\155.jpg 1 -0.04 0.04 -0.08 0.08
24\positive\156.jpg 1 0.15 0.00 -0.12 0.00
24\positive\157.jpg 1 0.19 0.04 -0.12 0.00
24\positive\158.jpg 1 0.10 0.11 -0.14 -0.04
24\positive\159.jpg 1 0.00 0.12 -0.12 0.12
24\positive\160.jpg 1 0.04 -0.08 -0.15 -0.04
24\positive\161.jpg 1 0.08 -0.14 -0.11 -0.06
24\positive\162.jpg 1 0.03 -0.06 -0.14 0.03
24\positive\163.jpg 1 0.09 -0.07 -0.06 -0.06
24\positive\164.jpg 1 0.19 -0.04 0.08 -0.04
24\positive\165.jpg 1 0.04 -0.11 0.07 0.04
24\positive\166.jpg 1 0.11 -0.03 -0.06 0.06
24\positive\167.jpg 1 0.06 0.03 -0.09 -0.03
24\positive\168.jpg 1 0.18 0.08 -0.05 0.08
24\positive\169.jpg 1 0.17 0.01 -0.03 -0.10
24\positive\170.jpg 1 0.04 0.07 -0.15 0.11
24\positive\171.jpg 1 0.11 0.00 -0.14 -0.07
24\positive\172.jpg 1 0.04 0.04 -0.14 0.07
24\positive\173.jpg 1 0.09 0.06 -0.21 0.00
24\positive\174.jpg 1 0.09 0.00 -0.19 -0.09
24\positive\175.jpg 1 0.16 0.00 -0.12 0.00
24\positive\176.jpg 1 0.15 0.04 -0.11 0.00
24\positive\177.jpg 1 0.22 0.00 -0.04 -0.07
24\positive\178.jpg 1 0.14 -0.03 -0.11 -0.09
24\positive\179.jpg 1 0.15 -0.04 -0.07 -0.04
24\positive\180.jpg 1 0.07 0.00 -0.21 -0.07
24\positive\181.jpg 1 0.09 0.00 -0.09 0.00
24\positive\182.jpg 1 0.12 0.00 -0.17 -0.04
24\positive\183.jpg 1 0.07 -0.04 -0.18 -0.04
24\positive\184.jpg 1 0.17 0.00 -0.12 0.00
24\positive\185.jpg 1 0.12 0.05 -0.07 0.08
24\positive\186.jpg 1 0.12 0.00 -0.12 -0.12
24\positive\187.jpg 1 0.08 -0.06 -0.06 0.00
24\positive\188.jpg 1 0.19 -0.05 0.00 0.00
24\positive\189.jpg 1 0.14 -0.07 -0.14 0.00
24\positive\190.jpg 1 -0.04 0.00 -0.22 0.08
24\positive\191.jpg 1 0.12 -0.04 -0.12 0.04
24\positive\192.jpg 1 0.17 -0.09 -0.09 -0.04
24\positive\193.jpg 1 0.08 0.00 -0.20 -0.08
24\positive\194.jpg 1 0.14 0.00 -0.14 0.00
24\positive\195.jpg 1 0.04 0.04 -0.15 -0.04
24\positive\196.jpg 1 0.04 0.08 -0.24 0.00
24\positive\197.jpg 1 0.05 0.10 -0.14 0.00
24\positive\198.jpg 1 0.10 -0.05 -0.14 -0.10
24\positive\199.jpg 1 0.00 0.04 -0.25 0.00
24\positive\200.jpg 1 0.18 0.05 0.00 0.05
24\positive\201.jpg 1 0.07 -0.26 -0.07 0.07
24\positive\202.jpg 1 0.12 0.00 -0.18 0.03
24\positive\203.jpg 1 0.18 0.00 -0.11 -0.07
24\positive\204.jpg 1 0.10 0.00 -0.20 0.00
24\positive\205.jpg 1 0.00 -0.17 -0.20 0.07
24\positive\206.jpg 1 0.12 0.04 -0.12 0.00
24\positive\207.jpg 1 -0.03 -0.08 -0.25 -0.03
24\positive\208.jpg 1 0.12 -0.09 -0.09 0.00
24\positive\209.jpg 1 -0.01 -0.14 0.00 0.12
24\positive\210.jpg 1 0.05 -0.02 -0.17 -0.10
24\positive\211.jpg 1 0.00 -0.18 -0.18 0.06
24\positive\212.jpg 1 0.01 0.03 -0.16 -0.04
24\positive\213.jpg 1 0.00 -0.08 -0.25 0.11
24\positive\214.jpg 1 0.03 -0.18 -0.12 0.06
24\positive\215.jpg 1 0.14 0.07 -0.06 -0.03
24\positive\216.jpg 1 -0.03 -0.33 -0.03 0.08
24\positive\217.jpg 1 0.12 -0.07 -0.05 -0.02
24\positive\218.jpg 1 0.22 -0.06 0.06 -0.06
24\positive\219.jpg 1 0.04 -0.16 0.08 0.04
24\positive\220.jpg 1 0.08 0.00 -0.19 0.14
24\positive\221.jpg 1 0.07 -0.20 -0.07 0.13
24\positive\222.jpg 1 0.17 -0.05 0.04 -0.01
24\positive\223.jpg 1 0.00 0.05 -0.09 -0.05
24\positive\224.jpg 1 0.00 -0.06 -0.23 0.02
24\positive\225.jpg 1 0.09 -0.06 -0.19 0.00
24\positive\226.jpg 1 0.18 -0.07 0.00 -0.11
24\positive\227.jpg 1 0.23 0.00 -0.06 0.03
24\positive\228.jpg 1 0.07 -0.02 -0.24 -0.02
24\positive\229.jpg 1 0.00 0.00 -0.08 0.36
24\positive\230.jpg 1 0.00 -0.08 -0.12 -0.15
24\positive\231.jpg 1 0.08 -0.04 -0.17 -0.04
24\positive\232.jpg 1 0.00 0.04 0.00 0.13
24\positive\233.jpg 1 0.11 0.03 -0.17 0.03
24\positive\234.jpg 1 0.11 0.17 -0.03 0.00
24\positive\235.jpg 1 0.08 0.19 -0.04 0.00
24\positive\236.jpg 1 -0.07 0.14 -0.14 0.07
24\positive\237.jpg 1 0.10 0.14 -0.03 0.14
24\positive\238.jpg 1 -0.07 -0.18 0.04 -0.14
24\positive\239.jpg 1 -0.07 0.07 -0.25 0.00
24\positive\240.jpg 1 -0.04 -0.14 0.09 -0.14
24\positive\241.jpg 1 0.08 0.16 0.00 0.20
24\positive\242.jpg 1 -0.08 -0.17 -0.04 0.04
24\positive\243.jpg 1 0.00 0.00 -0.12 0.08
24\positive\244.jpg 1 0.10 0.03 -0.16 0.00
24\positive\245.jpg 1 0.00 -0.08 -0.13 -0.12
24\positive\246.jpg 1 0.04 -0.07 -0.11 0.00
24\positive\247.jpg 1 0.08 -0.08 -0.16 0.00
24\positive\248.jpg 1 0.15 -0.07 -0.11 0.00
24\positive\249.jpg 1 -0.05 -0.09 -0.09 0.00
24\positive\250.jpg 1 0.07 0.04 -0.15 0.00
24\positive\251.jpg 1 0.00 -0.12 -0.08 0.08
24\positive\252.jpg 1 0.14 0.03 -0.11 -0.03
24\positive\253.jpg 1 0.04 0.00 -0.19 0.00
24\positive\254.jpg 1 0.10 0.00 0.00 0.10
24\positive\255.jpg 1 -0.04 -0.17 -0.08 0.08
24\positive\256.jpg 1 0.06 0.03 -0.16 0.03
24\positive\257.jpg 1 0.03 0.06 -0.19 0.03
24\positive\258.jpg 1 0.05 -0.05 -0.14 -0.10
24\positive\259.jpg 1 0.00 -0.04 -0.20 0.04
24\positive\260.jpg 1 0.12 0.06 -0.12 0.00
24\positive\261.jpg 1 0.04 -0.04 -0.16 0.04
24\positive\262.jpg 1 0.04 -0.04 -0.17 -0.04
24\positive\263.jpg 1 -0.08 -0.04 -0.15 0.12
24\positive\264.jpg 1 0.05 0.05 -0.19 0.00
24\positive\265.jpg 1 0.22 0.03 -0.03 -0.03
24\positive\266.jpg 1 -0.08 0.00 -0.25 0.08
24\positive\267.jpg 1 0.10 -0.05 -0.15 -0.10
24\positive\268.jpg 1 0.00 0.07 -0.29 0.00
24\positive\269.jpg 1 0.04 -0.11 -0.11 0.00
24\positive\270.jpg 1 0.04 0.13 -0.04 -0.04
24\positive\271.jpg 1 0.04 0.04 -0.17 -0.08
24\positive\272.jpg 1 0.09 0.00 -0.09 0.00
24\positive\273.jpg 1 0.17 0.09 0.00 0.04
24\positive\274.jpg 1 0.00 0.05 -0.20 0.20
24\positive\275.jpg 1 0.00 -0.05 -0.27 0.00
24\positive\276.jpg 1 -0.14 0.05 -0.09 0.19
24\positive\277.jpg 1 0.15 -0.06 0.00 0.03
24\positive\278.jpg 1 0.06 -0.11 -0.17 0.06
24\positive\279.jpg 1 0.19 -0.03 0.00 0.06
24\positive\280.jpg 1 0.11 0.03 -0.03 0.03
24\positive\281.jpg 1 0.11 -0.18 0.00 0.04
24\positive\282.jpg 1 0.14 -0.05 -0.11 0.00
24\positive\283.jpg 1 0.12 -0.12 -0.09 -0.06
24\positive\284.jpg 1 0.13 0.03 -0.10 0.07
24\positive\285.jpg 1 0.03 -0.14 -0.10 0.03
24\positive\286.jpg 1 0.14 0.07 -0.07 0.10
24\positive\287.jpg 1 -0.11 -0.12 -0.07 0.15
24\positive\288.jpg 1 0.09 -0.06 -0.15 -0.03
24\positive\289.jpg 1 0.19 0.05 -0.05 -0.05
24\positive\290.jpg 1 0.13 0.07 -0.13 -0.03
24\positive\291.jpg 1 0.03 -0.13 0.00 0.10
24\positive\292.jpg 1 0.15 -0.04 -0.04 0.12
24\positive\293.jpg 1 -0.03 -0.23 -0.13 0.03
24\positive\294.jpg 1 0.00 -0.27 0.08 0.00
24\positive\295.jpg 1 0.19 -0.04 0.11 0.07
24\positive\296.jpg 1 0.20 0.03 -0.05 -0.07
24\positive\297.jpg 1 0.15 0.05 -0.15 0.03
24\positive\298.jpg 1 0.21 -0.04 0.00 -0.04
24\positive\299.jpg 1 0.05 0.05 -0.18 0.00
24\positive\300.jpg 1 0.04 0.08 -0.17 0.08
24\positive\301.jpg 1 0.25 0.00 -0.05 0.05
24\positive\302.jpg 1 0.15 0.02 -0.11 -0.00
24\positive\303.jpg 1 0.11 -0.08 -0.10 -0.00
24\positive\304.jpg 1 -0.00 -0.05 -0.14 0.13
24\positive\305.jpg 1 0.12 0.00 -0.07 0.00
24\positive\306.jpg 1 -0.10 -0.16 -0.03 0.18
24\positive\307.jpg 1 0.05 -0.09 -0.20 -0.05
24\positive\308.jpg 1 0.05 -0.24 0.00 0.15
24\positive\309.jpg 1 0.04 -0.17 0.00 0.02
24\positive\310.jpg 1 0.18 0.04 0.00 0.08
24\positive\311.jpg 1 0.19 0.08 -0.04 0.08
24\positive\312.jpg 1 0.15 -0.07 -0.07 0.00
24\positive\313.jpg 1 0.14 -0.05 -0.08 0.14
24\positive\314.jpg 1 0.13 -0.19 -0.06 0.03
24\positive\315.jpg 1 0.05 -0.02 -0.12 0.07
24\positive\316.jpg 1 0.00 0.07 -0.16 0.09
24\positive\317.jpg 1 0.12 -0.04 0.08 0.23
24\positive\318.jpg 1 0.10 -0.09 -0.12 0.07
24\positive\319.jpg 1 0.10 -0.17 -0.03 0.14
24\positive\320.jpg 1 0.04 0.06 -0.16 0.10
24\positive\321.jpg 1 -0.02 -0.02 -0.15 0.28
24\positive\322.jpg 1 0.12 -0.08 -0.04 0.19
24\positive\323.jpg 1 -0.04 0.00 -0.04 -0.04
24\positive\324.jpg 1 0.17 -0.01 -0.11 -0.04
24\positive\325.jpg 1 0.02 -0.18 -0.11 0.00
24\positive\326.jpg 1 0.12 -0.03 -0.18 0.06
24\positive\327.jpg 1 0.15 -0.12 -0.05 -0.02
24\positive\328.jpg 1 0.18 0.07 0.08 -0.07
24\positive\329.jpg 1 0.14 0.05 -0.09 -0.05
24\positive\330.jpg 1 0.04 0.02 0.10 0.20
24\positive\331.jpg 1 -0.03 0.09 -0.09 0.06
24\positive\332.jpg 1 -0.04 0.03 -0.12 -0.03
24\positive\333.jpg 1 -0.03 -0.03 -0.15 -0.05
24\positive\334.jpg 1 0.00 0.00 -0.12 0.04
24\positive\335.jpg 1 0.08 0.02 0.06 0.08
24\positive\336.jpg 1 0.12 -0.06 0.03 -0.12
24\positive\337.jpg 1 0.07 0.03 -0.05 0.02
24\positive\338.jpg 1 0.10 0.05 -0.08 -0.03
24\positive\339.jpg 1 0.09 0.00 -0.18 -0.04
24\positive\340.jpg 1 -0.09 -0.07 -0.22 0.07
24\positive\341.jpg 1 0.18 0.07 -0.11 0.00
24\positive\342.jpg 1 0.00 -0.03 0.00 0.15
24\positive\343.jpg 1 0.07 0.11 -0.11 -0.07
24\positive\344.jpg 1 0.11 0.11 -0.04 0.18
24\positive\345.jpg 1 -0.10 0.06 -0.04 0.06
24\positive\346.jpg 1 0.08 0.05 0.16 0.16
24\positive\347.jpg 1 0.09 0.00 0.05 -0.05
24\positive\348.jpg 1 0.03 0.03 -0.17 0.03
24\positive\349.jpg 1 -0.13 -0.24 -0.04 0.00
24\positive\350.jpg 1 -0.03 -0.19 0.03 -0.11
24\positive\351.jpg 1 -0.07 -0.18 -0.02 0.00
24\positive\352.jpg 1 -0.04 -0.19 -0.15 -0.07
24\positive\353.jpg 1 0.02 -0.11 -0.11 -0.07
24\positive\354.jpg 1 0.12 -0.02 -0.14 -0.02
24\positive\355.jpg 1 0.14 0.00 0.03 0.20
24\positive\356.jpg 1 0.09 -0.06 -0.09 -0.14
24\positive\357.jpg 1 0.06 0.03 -0.10 -0.10
24\positive\358.jpg 1 0.13 -0.08 -0.03 0.00
24\positive\359.jpg 1 -0.07 -0.03 -0.21 0.00
24\positive\360.jpg 1 0.03 0.00 -0.20 -0.09
24\positive\361.jpg 1 0.05 0.00 -0.19 0.00
24\positive\362.jpg 1 0.15 -0.07 -0.07 -0.03
24\positive\363.jpg 1 0.14 0.00 -0.14 0.07
24\positive\364.jpg 1 0.11 0.00 -0.05 0.08
24\positive\365.jpg 1 0.09 -0.03 0.03 0.24
24\positive\366.jpg 1 0.12 -0.08 -0.08 0.04
24\positive\367.jpg 1 -0.03 0.00 -0.13 0.24
24\positive\368.jpg 1 0.23 -0.02 -0.05 -0.07
24\positive\369.jpg 1 0.06 -0.15 -0.12 -0.03
24\positive\370.jpg 1 0.04 -0.24 -0.13 0.04
24\positive\371.jpg 1 0.17 -0.03 0.04 -0.04
24\positive\372.jpg 1 -0.05 0.01 -0.14 0.05
24\positive\373.jpg 1 -0.01 -0.10 -0.03 -0.06
24\positive\374.jpg 1 -0.06 0.00 -0.17 -0.03
24\positive\375.jpg 1 0.07 0.15 -0.12 -0.05
24\positive\376.jpg 1 0.04 0.03 -0.19 -0.09
24\positive\377.jpg 1 0.03 0.16 -0.08 0.05
24\positive\378.jpg 1 -0.03 -0.23 0.08 0.03
24\positive\379.jpg 1 -0.03 -0.20 0.13 0.03
24\positive\380.jpg 1 -0.04 -0.11 0.00 0.07
24\positive\381.jpg 1 0.15 -0.08 -0.11 0.08
24\positive\382.jpg 1 0.12 -0.08 -0.08 -0.04
24\positive\383.jpg 1 -0.10 0.10 0.02 0.00
24\positive\384.jpg 1 -0.05 -0.02 -0.12 -0.12
24\positive\385.jpg 1 0.08 0.00 -0.06 -0.20
24\positive\386.jpg 1 0.02 0.16 -0.04 -0.04
24\positive\387.jpg 1 -0.03 0.00 0.05 0.03
24\positive\388.jpg 1 -0.11 0.11 0.00 -0.09
24\positive\389.jpg 1 -0.22 -0.06 -0.14 0.03
24\positive\390.jpg 1 -0.06 -0.19 0.19 0.00
24\positive\391.jpg 1 0.09 -0.03 0.09 -0.12
24\positive\392.jpg 1 0.07 -0.03 0.05 -0.07
24\positive\393.jpg 1 -0.06 0.18 -0.12 -0.02
24\positive\394.jpg 1 -0.12 -0.18 0.12 0.00
24\positive\395.jpg 1 0.03 0.10 -0.14 -0.10
24\positive\396.jpg 1 -0.14 0.00 -0.18 0.07
24\positive\397.jpg 1 0.21 0.04 -0.04 -0.04
24\positive\398.jpg 1 0.13 -0.10 0.00 -0.10
24\positive\399.jpg 1 0.08 -0.04 -0.12 0.16
24\positive\400.jpg 1 0.11 -0.04 -0.04 -0.07
24\positive\401.jpg 1 0.08 -0.16 0.08 -0.04
24\positive\402.jpg 1 0.16 0.10 -0.09 0.00
24\positive\403.jpg 1 -0.08 0.02 -0.15 0.11
24\positive\404.jpg 1 0.05 -0.14 0.11 0.04
24\positive\405.jpg 1 0.03 -0.01 -0.13 -0.07
24\positive\406.jpg 1 0.15 0.07 0.04 0.13
24\positive\407.jpg 1 0.12 -0.07 -0.08 -0.13
24\positive\408.jpg 1 0.12 0.00 -0.02 0.17
24\positive\409.jpg 1 0.17 0.00 -0.04 -0.03
24\positive\410.jpg 1 -0.02 -0.31 0.00 0.00
24\positive\411.jpg 1 0.15 0.10 0.02 0.07
24\positive\412.jpg 1 0.03 -0.10 -0.23 0.00
24\positive\413.jpg 1 -0.04 -0.21 -0.08 0.04
24\positive\414.jpg 1 0.09 0.06 -0.03 0.12
24\positive\415.jpg 1 0.12 0.02 -0.15 0.12
24\positive\416.jpg 1 -0.03 0.05 -0.18 0.03
24\positive\417.jpg 1 0.13 0.05 0.03 0.18
24\positive\418.jpg 1 0.06 -0.03 0.08 0.17
24\positive\419.jpg 1 0.05 0.03 -0.08 0.15
24\positive\420.jpg 1 0.03 -0.03 -0.11 0.14
24\positive\421.jpg 1 0.06 0.06 -0.21 -0.06
24\positive\422.jpg 1 0.12 0.02 0.02 0.07
24\positive\423.jpg 1 0.06 -0.15 0.03 0.00
24\positive\424.jpg 1 0.26 -0.05 0.00 -0.03
24\positive\425.jpg 1 0.04 -0.21 0.08 0.08
24\positive\426.jpg 1 0.09 -0.03 -0.09 0.00
24\positive\427.jpg 1 0.17 -0.07 0.00 0.03
24\positive\428.jpg 1 -0.06 -0.09 0.00 0.00
24\positive\429.jpg 1 0.14 -0.23 -0.05 0.00
24\positive\430.jpg 1 0.14 0.05 -0.11 -0.07
24\positive\431.jpg 1 0.08 -0.05 -0.14 -0.08
24\positive\432.jpg 1 -0.09 0.03 -0.06 0.22
24\positive\433.jpg 1 0.24 0.04 0.00 0.00
24\positive\434.jpg 1 -0.03 0.04 0.10 0.18
24\positive\435.jpg 1 0.02 0.10 -0.12 0.00
24\positive\436.jpg 1 -0.03 -0.19 -0.09 -0.06
24\positive\437.jpg 1 0.11 0.03 -0.03 -0.15
24\positive\438.jpg 1 0.13 0.00 -0.06 -0.06
24\positive\439.jpg 1 -0.02 -0.22 -0.14 0.02
24\positive\440.jpg 1 -0.05 -0.10 0.03 0.12
24\positive\441.jpg 1 0.00 -0.02 -0.23 -0.08
24\positive\442.jpg 1 0.08 0.00 -0.14 -0.08
24\positive\443.jpg 1 0.00 -0.14 0.05 0.10
24\positive\444.jpg 1 0.08 -0.12 -0.08 -0.08
24\positive\445.jpg 1 0.10 -0.10 -0.06 -0.06
24\positive\446.jpg 1 -0.08 0.00 -0.23 0.00
24\positive\447.jpg 1 0.06 0.00 -0.12 0.03
24\positive\448.jpg 1 0.04 0.00 -0.19 0.00
24\positive\449.jpg 1 -0.14 -0.06 -0.14 0.03
24\positive\450.jpg 1 0.05 0.00 -0.11 0.00
24\positive\451.jpg 1 -0.02 0.12 -0.19 -0.02
24\positive\452.jpg 1 0.10 0.00 -0.10 -0.05
24\positive\453.jpg 1 -0.03 0.09 -0.12 0.03
24\positive\454.jpg 1 0.00 -0.03 0.08 0.17
24\positive\455.jpg 1 0.02 0.02 -0.18 -0.09
24\positive\456.jpg 1 0.03 0.03 0.00 0.15
24\positive\457.jpg 1 0.04 0.06 -0.18 -0.10
24\positive\458.jpg 1 0.12 -0.19 0.06 -0.03
24\positive\459.jpg 1 -0.06 -0.06 0.00 0.16
24\positive\460.jpg 1 0.21 0.03 -0.07 0.03
24\positive\461.jpg 1 -0.06 -0.07 -0.24 0.04
24\positive\462.jpg 1 0.06 -0.10 0.00 0.15
24\positive\463.jpg 1 -0.04 -0.13 -0.13 0.13
24\positive\464.jpg 1 0.00 -0.11 -0.21 -0.03
24\positive\465.jpg 1 0.17 0.03 -0.13 -0.03
24\positive\466.jpg 1 0.17 0.03 -0.03 -0.07
24\positive\467.jpg 1 0.19 0.07 0.00 0.00
24\positive\468.jpg 1 0.00 0.00 0.00 -0.04
24\positive\469.jpg 1 -0.04 -0.08 -0.04 -0.04
24\positive\470.jpg 1 0.08 -0.08 -0.04 -0.04
24\positive\471.jpg 1 0.16 0.04 -0.12 -0.04
24\positive\472.jpg 1 0.00 0.00 -0.17 -0.07
24\positive\473.jpg 1 0.09 0.00 -0.04 -0.13
24\positive\474.jpg 1 0.17 0.00 -0.08 0.00
24\positive\475.jpg 1 -0.15 -0.20 -0.08 -0.04
24\positive\476.jpg 1 0.16 0.04 -0.08 0.00
24\positive\477.jpg 1 0.04 0.00 -0.04 0.00
24\positive\478.jpg 1 0.10 -0.14 0.05 -0.05
24\positive\479.jpg 1 0.15 0.00 -0.11 -0.08
24\positive\480.jpg 1 0.12 0.00 -0.08 -0.04
24\positive\481.jpg 1 0.12 0.00 -0.08 -0.04
24\positive\482.jpg 1 0.16 0.12 0.04 0.08
24\positive\483.jpg 1 -0.04 0.04 -0.04 -0.04
24\positive\484.jpg 1 0.00 -0.05 -0.05 0.00
24\positive\485.jpg 1 0.00 0.08 -0.16 0.04
24\positive\486.jpg 1 0.04 0.00 -0.12 -0.08
24\positive\487.jpg 1 0.23 0.00 -0.05 0.05
24\positive\488.jpg 1 0.00 -0.04 -0.08 0.04
24\positive\489.jpg 1 0.08 0.00 -0.12 -0.12
24\positive\490.jpg 1 0.00 0.12 -0.12 0.08
24\positive\491.jpg 1 0.08 0.00 -0.08 0.04
24\positive\492.jpg 1 0.09 0.05 -0.17 -0.05
24\positive\493.jpg 1 -0.04 0.12 -0.08 0.04
24\positive\494.jpg 1 -0.13 -0.08 -0.04 -0.12
24\positive\495.jpg 1 0.12 0.00 -0.12 -0.08
24\positive\496.jpg 1 0.04 0.04 -0.19 0.00
24\positive\497.jpg 1 0.21 -0.08 0.00 0.00
24\positive\498.jpg 1 0.04 0.04 -0.04 0.04
24\positive\499.jpg 1 0.00 0.14 -0.24 0.00
24\positive\500.jpg 1 0.05 -0.05 -0.16 -0.08
24\positive\501.jpg 1 0.22 -0.05 0.07 0.03
24\positive\502.jpg 1 0.01 -0.05 -0.17 0.23
24\positive\503.jpg 1 0.13 0.02 -0.15 0.09
24\positive\504.jpg 1 0.23 0.06 -0.06 -0.03
24\positive\505.jpg 1 0.15 -0.12 -0.11 0.00
24\positive\506.jpg 1 0.02 -0.02 -0.07 0.14
24\positive\507.jpg 1 0.19 0.01 -0.07 -0.06
24\positive\508.jpg 1 0.02 -0.01 -0.20 0.21
24\positive\509.jpg 1 -0.14 0.00 0.06 0.17
24\positive\510.jpg 1 -0.07 -0.02 -0.07 -0.05
24\positive\511.jpg 1 0.00 0.07 -0.08 0.04
24\positive\512.jpg 1 0.19 -0.05 0.00 -0.02
24\positive\513.jpg 1 -0.07 -0.04 0.00 0.21
24\positive\514.jpg 1 0.05 -0.15 0.00 -0.15
24\positive\515.jpg 1 0.16 0.08 -0.05 0.00
24\positive\516.jpg 1 0.10 0.10 -0.07 0.00
24\positive\517.jpg 1 -0.12 0.00 -0.15 0.16
24\positive\518.jpg 1 -0.10 0.05 -0.21 -0.05
24\positive\519.jpg 1 0.03 0.07 -0.13 0.07
24\positive\520.jpg 1 0.13 -0.10 0.13 0.03
24\positive\521.jpg 1 0.05 -0.10 0.12 -0.05
24\positive\522.jpg 1 0.09 0.00 -0.14 -0.09
24\positive\523.jpg 1 0.08 0.00 -0.12 -0.08
24\positive\524.jpg 1 0.00 -0.05 -0.05 -0.10
24\positive\525.jpg 1 0.09 0.05 -0.04 0.09
24\positive\526.jpg 1 0.05 -0.05 -0.14 -0.14
24\positive\527.jpg 1 0.05 0.00 -0.14 0.00
24\positive\528.jpg 1 0.08 0.08 -0.17 0.04
24\positive\529.jpg 1 0.14 0.09 -0.10 -0.05
24\positive\530.jpg 1 0.09 0.00 -0.14 -0.09
24\positive\531.jpg 1 0.09 -0.09 -0.05 0.09
24\positive\532.jpg 1 0.14 0.09 -0.14 0.00
24\positive\533.jpg 1 0.10 0.00 -0.14 -0.05
24\positive\534.jpg 1 0.15 0.00 -0.05 -0.10
24\positive\535.jpg 1 0.22 0.00 -0.09 -0.04
24\positive\536.jpg 1 0.15 0.00 -0.05 0.00
24\positive\537.jpg 1 0.10 0.05 -0.10 0.00
24\positive\538.jpg 1 0.15 0.04 -0.08 -0.11
24\positive\539.jpg 1 0.10 0.00 -0.14 0.15
24\positive\540.jpg 1 0.05 0.05 -0.14 0.05
24\positive\541.jpg 1 0.15 -0.03 -0.08 -0.05
24\positive\542.jpg 1 -0.02 -0.06 -0.13 0.13
24\positive\543.jpg 1 0.12 -0.08 -0.06 0.00
24\positive\544.jpg 1 0.00 -0.13 -0.13 -0.06
24\positive\545.jpg 1 0.19 0.05 -0.09 -0.03
24\positive\546.jpg 1 0.10 0.00 -0.17 -0.05
24\positive\547.jpg 1 0.00 -0.27 -0.02 0.05
24\positive\548.jpg 1 0.00 -0.12 -0.22 0.06
24\positive\549.jpg 1 0.09 -0.02 -0.04 0.02
24\positive\550.jpg 1 0.06 -0.21 0.05 0.13
24\positive\551.jpg 1 0.07 -0.05 0.09 0.23
24\positive\552.jpg 1 0.12 0.02 -0.03 -0.03
24\positive\553.jpg 1 0.00 -0.12 0.09 0.12
24\positive\554.jpg 1 0.16 0.02 0.11 0.07
24\positive\555.jpg 1 0.15 0.08 -0.10 0.00
24\positive\556.jpg 1 0.17 -0.03 -0.08 -0.05
24\positive\557.jpg 1 0.04 -0.05 -0.24 -0.05
24\positive\558.jpg 1 -0.04 0.06 -0.18 0.00
24\positive\559.jpg 1 -0.12 -0.05 -0.17 0.10
24\positive\560.jpg 1 0.13 -0.06 -0.02 -0.07
24\positive\561.jpg 1 0.04 -0.21 -0.09 -0.06
24\positive\562.jpg 1 0.07 0.00 -0.04 0.04
24\positive\563.jpg 1 0.09 0.00 -0.16 0.00
24\positive\564.jpg 1 -0.09 0.00 -0.24 0.06
24\positive\565.jpg 1 -0.07 -0.06 -0.23 0.01
24\positive\566.jpg 1 -0.07 0.00 0.00 0.36
24\positive\567.jpg 1 0.22 -0.06 0.03 -0.06
24\positive\568.jpg 1 0.02 -0.14 -0.06 0.02
24\positive\569.jpg 1 0.13 0.00 -0.09 -0.09
24\positive\570.jpg 1 -0.02 -0.26 0.05 0.00
24\positive\571.jpg 1 0.00 -0.26 -0.06 -0.10
24\positive\572.jpg 1 -0.10 -0.07 -0.17 0.03
24\positive\573.jpg 1 0.19 -0.04 -0.04 0.00
24\positive\574.jpg 1 0.12 -0.07 -0.07 -0.03
24\positive\575.jpg 1 0.00 0.04 -0.23 -0.04
24\positive\576.jpg 1 0.12 -0.03 -0.12 0.03
24\positive\577.jpg 1 0.03 -0.13 -0.19 0.00
24\positive\578.jpg 1 0.23 0.08 -0.04 0.00
24\positive\579.jpg 1 0.00 0.04 -0.07 0.11
24\positive\580.jpg 1 0.11 0.04 0.04 0.07
24\positive\581.jpg 1 -0.04 0.07 -0.18 0.00
24\positive\582.jpg 1 0.12 0.09 -0.09 0.03
24\positive\583.jpg 1 0.00 -0.07 -0.21 -0.07
24\positive\584.jpg 1 0.12 -0.08 0.04 -0.08
24\positive\585.jpg 1 0.00 0.12 -0.23 -0.04
24\positive\586.jpg 1 0.22 0.07 -0.04 0.04
24\positive\587.jpg 1 0.06 0.10 -0.19 0.00
24\positive\588.jpg 1 -0.06 0.00 0.06 0.29
24\positive\589.jpg 1 0.07 0.07 0.03 0.23
24\positive\590.jpg 1 -0.03 -0.06 -0.03 0.29
24\positive\591.jpg 1 0.17 0.00 -0.07 0.05
24\positive\592.jpg 1 0.12 0.07 -0.02 0.22
24\positive\593.jpg 1 0.02 0.05 -0.14 0.09
24\positive\594.jpg 1 0.16 -0.02 -0.05 0.05
24\positive\595.jpg 1 0.14 -0.05 -0.07 0.05
24\positive\596.jpg 1 0.11 0.03 0.00 0.14
24\positive\597.jpg 1 0.20 0.03 0.10 0.08
24\positive\598.jpg 1 -0.05 -0.17 -0.11 0.14
24\positive\599.jpg 1 -0.05 -0.17 -0.05 0.03
24\positive\600.jpg 1 0.22 0.00 -0.09 0.09
24\positive\601.jpg 1 0.08 0.00 -0.04 -0.04
24\positive\602.jpg 1 -0.05 -0.25 0.00 -0.09
24\positive\603.jpg 1 -0.08 0.00 -0.12 0.04
24\positive\604.jpg 1 0.15 0.09 -0.03 0.09
24\positive\605.jpg 1 0.14 -0.03 0.00 -0.03
24\positive\606.jpg 1 -0.07 -0.07 0.02 0.21
24\positive\607.jpg 1 -0.01 -0.06 -0.09 0.20
24\positive\608.jpg 1 0.11 -0.07 -0.15 -0.07
24\positive\609.jpg 1 0.10 -0.06 0.06 0.03
24\positive\610.jpg 1 0.17 -0.09 0.03 -0.06
24\positive\611.jpg 1 0.21 0.03 0.00 -0.03
24\positive\612.jpg 1 0.02 -0.28 0.00 -0.13
24\positive\613.jpg 1 -0.13 -0.13 -0.10 0.07
24\positive\614.jpg 1 0.14 0.02 -0.12 0.11
24\positive\615.jpg 1 0.13 -0.22 -0.04 -0.04
24\positive\616.jpg 1 0.11 -0.04 -0.11 0.07
24\positive\617.jpg 1 0.11 -0.11 -0.07 0.00
24\positive\618.jpg 1 0.07 -0.03 -0.18 -0.03
24\positive\619.jpg 1 0.19 0.00 -0.11 0.08
24\positive\620.jpg 1 0.04 -0.12 -0.12 -0.04
24\positive\621.jpg 1 0.12 -0.08 -0.08 0.04
24\positive\622.jpg 1 0.08 0.00 -0.12 0.00
24\positive\623.jpg 1 0.14 -0.07 -0.07 -0.04
24\positive\624.jpg 1 0.12 -0.08 -0.12 -0.08
24\positive\625.jpg 1 0.05 -0.14 -0.05 0.05
24\positive\626.jpg 1 0.07 0.00 -0.15 -0.07
24\positive\627.jpg 1 0.09 -0.09 -0.09 -0.05
24\positive\628.jpg 1 0.04 -0.17 -0.13 0.04
24\positive\629.jpg 1 0.13 -0.17 -0.04 -0.04
24\positive\630.jpg 1 0.00 -0.24 -0.12 -0.04
24\positive\631.jpg 1 0.23 0.00 -0.03 0.03
24\positive\632.jpg 1 0.08 -0.08 -0.08 0.16
24\positive\633.jpg 1 0.10 -0.05 -0.05 -0.05
24\positive\634.jpg 1 -0.13 -0.10 -0.13 0.00
24\positive\635.jpg 1 -0.03 0.03 -0.16 0.03
24\positive\636.jpg 1 0.00 -0.06 -0.15 -0.09
24\positive\637.jpg 1 -0.11 0.00 -0.19 0.00
24\positive\638.jpg 1 0.10 0.02 -0.17 -0.05
24\positive\639.jpg 1 0.07 -0.02 -0.10 -0.02
24\positive\640.jpg 1 -0.06 -0.10 -0.16 -0.03
24\positive\641.jpg 1 -0.03 -0.07 0.00 0.10
24\positive\642.jpg 1 0.09 -0.02 -0.09 -0.07
24\positive\643.jpg 1 0.09 0.06 0.00 0.06
24\positive\644.jpg 1 -0.07 -0.19 -0.12 -0.02
24\positive\645.jpg 1 -0.02 -0.20 -0.07 0.03
24\positive\646.jpg 1 0.06 0.03 -0.12 0.06
24\positive\647.jpg 1 0.08 0.06 -0.14 0.04
24\positive\648.jpg 1 0.00 0.07 -0.10 0.10
24\positive\649.jpg 1 0.03 -0.06 -0.11 -0.06
24\positive\650.jpg 1 0.05 0.00 -0.17 0.07
24\positive\651.jpg 1 0.15 0.02 -0.15 -0.02
24\positive\652.jpg 1 0.03 0.00 -0.12 0.03
24\positive\653.jpg 1 0.07 0.02 -0.20 0.05
24\positive\654.jpg 1 0.05 -0.08 -0.05 0.03
24\positive\655.jpg 1 -0.02 -0.21 -0.10 -0.06
24\positive\656.jpg 1 0.09 -0.07 -0.13 -0.09
24\positive\657.jpg 1 0.06 -0.17 -0.08 -0.12
24\positive\658.jpg 1 -0.07 -0.03 -0.17 0.07
24\positive\659.jpg 1 0.09 0.03 -0.03 -0.03
24\positive\660.jpg 1 0.16 -0.06 0.09 0.12
24\positive\661.jpg 1 0.18 0.03 0.03 0.03
24\positive\662.jpg 1 0.05 -0.11 -0.08 0.11
24\positive\663.jpg 1 0.25 0.08 0.00 -0.04
24\positive\664.jpg 1 -0.03 -0.07 -0.07 -0.03
24\positive\665.jpg 1 0.10 0.10 0.07 0.17
24\positive\666.jpg 1 -0.07 -0.30 -0.03 0.00
24\positive\667.jpg 1 0.17 -0.18 0.07 -0.04
24\positive\668.jpg 1 0.22 0.08 0.00 -0.03
24\positive\669.jpg 1 0.07 0.00 0.19 0.15
24\positive\670.jpg 1 0.13 0.13 -0.03 0.03
24\positive\671.jpg 1 0.06 0.00 -0.16 -0.06
24\positive\672.jpg 1 0.09 -0.06 -0.06 -0.17
24\positive\673.jpg 1 0.04 -0.04 -0.21 -0.08
24\positive\674.jpg 1 0.15 0.04 -0.07 -0.04
24\positive\675.jpg 1 0.06 0.06 0.03 0.29
24\positive\676.jpg 1 0.03 0.00 -0.03 0.15
24\positive\677.jpg 1 0.13 0.05 -0.13 0.08
24\positive\678.jpg 1 -0.15 -0.23 -0.08 0.00
24\positive\679.jpg 1 0.10 0.00 0.06 0.13
24\positive\680.jpg 1 0.00 0.03 -0.07 0.30
24\positive\681.jpg 1 0.00 0.09 -0.09 0.15
24\positive\682.jpg 1 0.18 0.06 0.00 0.03
24\positive\683.jpg 1 0.05 0.07 -0.12 0.12
24\positive\684.jpg 1 0.09 0.16 -0.11 -0.02
24\positive\685.jpg 1 0.08 0.06 -0.03 0.03
24\positive\686.jpg 1 0.10 -0.07 0.00 0.07
24\positive\687.jpg 1 -0.14 0.09 -0.11 0.00
24\positive\688.jpg 1 0.14 0.08 -0.11 -0.03
24\positive\689.jpg 1 0.14 0.05 -0.05 0.08
24\positive\690.jpg 1 -0.08 0.00 -0.11 0.22
24\positive\691.jpg 1 0.21 0.08 0.03 -0.05
24\positive\692.jpg 1 0.12 0.13 0.00 0.19
24\positive\693.jpg 1 0.24 0.00 0.11 0.05
24\positive\694.jpg 1 0.00 0.00 -0.06 0.24
24\positive\695.jpg 1 0.08 0.08 -0.06 0.14
24\positive\696.jpg 1 0.00 0.03 -0.21 -0.05
24\positive\697.jpg 1 0.10 0.03 -0.03 0.19
24\positive\698.jpg 1 -0.09 0.03 -0.21 0.03
24\positive\699.jpg 1 -0.06 0.06 -0.09 0.12
24\positive\700.jpg 1 0.15 0.05 0.03 0.03
24\positive\701.jpg 1 0.16 -0.03 0.14 0.00
24\positive\702.jpg 1 -0.14 0.00 -0.11 0.03
24\positive\703.jpg 1 -0.06 0.06 -0.21 0.06
24\positive\704.jpg 1 -0.03 -0.12 0.00 0.12
24\positive\705.jpg 1 0.06 0.15 -0.06 0.18
24\positive\706.jpg 1 -0.10 0.00 -0.10 0.09
24\positive\707.jpg 1 0.07 0.07 -0.12 0.10
24\positive\708.jpg 1 0.03 0.03 -0.12 0.03
24\positive\709.jpg 1 0.18 0.08 -0.05 0.05
24\positive\710.jpg 1 0.03 -0.03 -0.18 0.00
24\positive\711.jpg 1 0.18 -0.18 0.00 0.03
24\positive\712.jpg 1 -0.06 -0.03 -0.09 0.03
24\positive\713.jpg 1 0.09 -0.18 0.00 -0.03
24\positive\714.jpg 1 0.06 -0.06 -0.09 0.03
24\positive\715.jpg 1 -0.03 0.08 -0.24 0.05
24\positive\716.jpg 1 -0.06 -0.12 -0.12 0.06
24\positive\717.jpg 1 0.00 -0.13 -0.17 -0.06
24\positive\718.jpg 1 0.11 -0.11 0.04 0.04
24\positive\719.jpg 1 0.09 -0.12 0.19 0.06
24\positive\720.jpg 1 0.09 -0.21 0.09 0.06
24\positive\721.jpg 1 0.18 -0.13 -0.05 -0.05
24\positive\722.jpg 1 0.03 -0.21 -0.03 -0.15
24\positive\723.jpg 1 -0.03 -0.18 -0.06 0.00
24\positive\724.jpg 1 0.00 -0.04 -0.09 0.09
24\positive\725.jpg 1 0.03 -0.07 -0.10 -0.03
24\positive\726.jpg 1 0.18 0.09 -0.03 0.00
24\positive\727.jpg 1 0.04 0.03 -0.11 -0.03
24\positive\728.jpg 1 0.04 0.00 -0.12 0.00
24\positive\729.jpg 1 0.00 -0.04 -0.15 0.08
24\positive\730.jpg 1 0.04 -0.15 -0.07 0.04
24\positive\731.jpg 1 0.08 0.11 -0.08 0.00
24\positive\732.jpg 1 0.03 0.03 -0.07 0.00
24\positive\733.jpg 1 0.15 0.04 -0.07 0.04
24\positive\734.jpg 1 0.08 -0.07 -0.12 -0.07
24\positive\735.jpg 1 -0.13 -0.10 -0.17 0.03
24\positive\736.jpg 1 0.03 0.00 -0.10 -0.07
24\positive\737.jpg 1 0.11 -0.07 0.04 0.07
24\positive\738.jpg 1 0.10 -0.10 -0.10 -0.03
24\positive\739.jpg 1 0.04 0.00 -0.11 0.00
24\positive\740.jpg 1 -0.07 -0.03 -0.14 0.00
24\positive\741.jpg 1 0.14 0.03 -0.03 0.07
24\positive\742.jpg 1 0.18 0.06 0.00 -0.03
24\positive\743.jpg 1 0.00 -0.04 -0.04 -0.08
24\positive\744.jpg 1 0.12 0.03 -0.12 -0.03
24\positive\745.jpg 1 0.07 -0.13 -0.03 -0.03
24\positive\746.jpg 1 0.09 -0.06 -0.03 -0.03
24\positive\747.jpg 1 -0.04 -0.04 -0.20 -0.04
24\positive\748.jpg 1 -0.08 -0.04 -0.12 0.20
24\positive\749.jpg 1 0.13 -0.06 0.00 -0.03
24\positive\750.jpg 1 0.25 -0.03 0.00 -0.10
24\positive\751.jpg 1 -0.08 -0.04 -0.25 0.04
24\positive\752.jpg 1 -0.04 -0.21 -0.07 -0.07
24\positive\753.jpg 1 0.04 0.00 -0.16 0.00
24\positive\754.jpg 1 0.07 0.07 -0.10 0.00
24\positive\755.jpg 1 -0.08 -0.15 -0.08 0.08
24\positive\756.jpg 1 0.23 0.00 -0.06 -0.06
24\positive\757.jpg 1 0.17 0.00 -0.10 -0.07
24\positive\758.jpg 1 -0.10 0.00 -0.26 0.00
24\positive\759.jpg 1 0.23 0.00 0.00 -0.08
24\positive\760.jpg 1 -0.12 -0.21 -0.08 -0.04
24\positive\761.jpg 1 0.09 0.00 0.00 0.14
24\positive\762.jpg 1 0.05 -0.05 0.13 0.16
24\positive\763.jpg 1 0.15 0.06 0.02 0.02
24\positive\764.jpg 1 0.04 -0.08 -0.19 -0.08
24\positive\765.jpg 1 0.03 0.00 0.03 0.04
24\positive\766.jpg 1 0.03 -0.11 0.06 -0.03
24\positive\767.jpg 1 0.15 0.11 -0.07 0.04
24\positive\768.jpg 1 0.15 -0.03 0.00 -0.18
24\positive\769.jpg 1 0.13 -0.05 -0.05 0.00
24\positive\770.jpg 1 0.07 0.00 -0.22 -0.09
24\positive\771.jpg 1 0.00 -0.11 -0.20 -0.04
24\positive\772.jpg 1 0.07 -0.14 0.14 0.03
24\positive\773.jpg 1 0.03 -0.11 -0.06 0.06
24\positive\774.jpg 1 0.03 -0.03 -0.19 -0.11
24\positive\775.jpg 1 0.07 0.00 -0.07 0.10
24\positive\776.jpg 1 0.17 0.10 -0.03 0.12
24\positive\777.jpg 1 -0.06 0.00 -0.12 0.03
24\positive\778.jpg 1 0.06 0.06 0.10 0.19
24\positive\779.jpg 1 0.23 0.02 -0.02 0.04
24\positive\780.jpg 1 -0.06 -0.03 -0.12 -0.03
24\positive\781.jpg 1 -0.10 -0.18 -0.18 0.00
24\positive\782.jpg 1 0.27 0.00 0.06 0.06
24\positive\783.jpg 1 0.21 -0.04 0.00 -0.14
24\positive\784.jpg 1 0.17 0.04 0.13 0.00
24\positive\785.jpg 1 0.00 0.08 -0.27 0.00
24\positive\786.jpg 1 0.07 0.00 0.02 -0.07
24\positive\787.jpg 1 0.22 0.02 -0.02 -0.08
24\positive\788.jpg 1 0.00 0.05 -0.15 -0.05
24\positive\789.jpg 1 0.02 0.00 -0.09 0.16
24\positive\790.jpg 1 0.10 -0.03 -0.06 -0.13
24\positive\791.jpg 1 0.00 -0.14 0.00 0.09
24\positive\792.jpg 1 -0.05 0.05 -0.21 -0.05
24\positive\793.jpg 1 0.03 -0.06 -0.03 -0.09
24\positive\794.jpg 1 0.00 0.03 0.03 0.11
24\positive\795.jpg 1 0.15 -0.12 0.09 0.06
24\positive\796.jpg 1 -0.14 -0.05 -0.03 0.03
24\positive\797.jpg 1 -0.11 0.03 -0.18 0.13
24\positive\798.jpg 1 0.00 0.09 -0.26 0.00
24\positive\799.jpg 1 0.09 0.00 -0.06 -0.06
24\positive\800.jpg 1 0.10 -0.06 -0.13 -0.03
24\positive\801.jpg 1 0.11 -0.04 -0.11 0.00
24\positive\802.jpg 1 -0.09 -0.14 0.00 0.05
24\positive\803.jpg 1 0.04 -0.13 0.00 -0.04
24\positive\804.jpg 1 0.08 0.00 -0.12 -0.07
24\positive\805.jpg 1 0.13 -0.16 -0.03 -0.10
24\positive\806.jpg 1 0.05 -0.14 -0.14 -0.09
24\positive\807.jpg 1 0.15 -0.08 0.00 -0.08
24\positive\808.jpg 1 0.08 0.04 -0.17 -0.09
24\positive\809.jpg 1 0.12 -0.02 -0.05 0.02
24\positive\810.jpg 1 0.07 0.00 -0.18 0.05
24\positive\811.jpg 1 0.23 0.00 -0.03 -0.08
24\positive\812.jpg 1 0.00 -0.02 -0.15 0.11
24\positive\813.jpg 1 -0.07 0.02 -0.19 0.09
24\positive\814.jpg 1 0.19 -0.08 0.00 -0.11
24\positive\815.jpg 1 0.08 -0.06 -0.10 0.06
24\positive\816.jpg 1 0.05 0.00 -0.22 0.02
24\positive\817.jpg 1 0.01 -0.01 -0.31 -0.03
24\positive\818.jpg 1 0.03 0.03 -0.13 0.21
24\positive\819.jpg 1 0.02 -0.15 -0.13 0.00
24\positive\820.jpg 1 0.03 0.10 -0.10 -0.03
24\positive\821.jpg 1 -0.08 -0.04 -0.10 0.20
24\positive\822.jpg 1 0.15 -0.04 0.06 0.11
24\positive\823.jpg 1 0.11 -0.03 -0.15 -0.08
24\positive\824.jpg 1 0.05 -0.02 -0.15 0.00
24\positive\825.jpg 1 0.00 -0.11 -0.02 0.07
24\positive\826.jpg 1 0.08 -0.09 -0.11 -0.05
24\positive\827.jpg 1 0.05 0.11 0.05 0.15
24\positive\828.jpg 1 0.05 0.11 -0.15 -0.05
24\positive\829.jpg 1 -0.04 -0.31 0.06 0.02
24\positive\830.jpg 1 0.00 0.06 -0.17 0.05
